A:
0.096596 0.711106 0.195499 0.039901 
0.862542 0.000797 0.561808 0.455634 
0.102945 0.305704 0.611186 0.156285 
0.584775 0.222693 0.879886 0.081907 
B:
0.571722 0.703388 0.567982 0.782443 
0.111264 0.311862 0.761106 0.240252 
0.060528 0.688227 0.122967 0.029702 
0.424732 0.412484 0.682684 0.976482 
incorrect result
expected:
0.163127 0.440718 0.647372 0.291195 
0.720750 1.181543 0.870653 1.136687 
0.196243 0.652848 0.472993 0.324758 
0.447153 1.120121 0.665749 0.617171 

received:
0.000000 0.000000 0.000000 0.000000 
-nan 0.000000 0.000000 0.000000 
0.000000 0.000000 0.000000 0.000000 
0.000000 0.000000 0.000000 0.000000 
process 3 received a: 0.611186 0.156285 0.000000 0.000000 
process 3 received b: 0.122967 0.029702 0.000000 0.000000 
process 2 received a: 0.102945 0.305704 0.000000 0.000000 
process 2 received b: 0.060528 0.688227 0.000000 0.000000 
process 1 received a: 0.195499 0.039901 0.000000 0.000000 
process 1 received b: 0.567982 0.782443 0.000000 0.000000 
