iter 0 row broadcasting from process 8
process 8 calculated c: 0.724148 0.945035 0.509985 0.766050 
process 8 calculated c: 1.856541 1.971539 1.376464 1.427218 
process 8 calculated c: 2.961238 3.465845 2.244698 2.485893 
process 8 received a: 0.831532 0.918620 0.847265 0.430461 
process 8 received b: 0.372919 0.706298 0.450735 0.389417 
iter 0 row broadcasting from process 3
process 3 calculated c: 1.656562 0.812140 1.248472 0.567240 
process 3 calculated c: 3.163427 1.397785 2.330354 0.997354 
process 3 calculated c: 4.767824 2.279941 3.592297 1.631428 
process 3 received a: 0.905152 0.946395 0.874766 0.532115 
process 3 received b: 0.866672 0.302347 0.921488 0.568969 
iter 0 row broadcasting from process 2
process 2 calculated c: 0.446552 0.269922 0.341043 0.423789 
process 2 calculated c: 0.907084 0.767245 0.652579 0.951981 
process 2 calculated c: 1.144775 1.186503 0.911360 1.196998 
process 2 received a: 0.556878 0.066603 0.055818 0.527950 
process 2 received b: 0.733905 0.393680 0.568382 0.761084 
iter 0 row broadcasting from process 7
process 7 calculated c: 0.762300 1.592800 0.417162 1.138807 
process 7 calculated c: 1.269571 2.102412 0.685896 1.586338 
process 7 calculated c: 1.805340 3.566720 0.992001 2.712258 
process 7 received a: 0.831532 0.918620 0.847265 0.430461 
process 7 received b: 0.131010 0.857555 0.711242 0.957650 
iter 0 row broadcasting from process 4
process 4 calculated c: 0.557799 1.555169 0.357632 1.225962 
process 4 calculated c: 1.349499 3.237702 0.850697 2.485701 
process 4 calculated c: 1.875395 3.784834 1.171191 2.960197 
process 4 received a: 0.905152 0.946395 0.874766 0.532115 
process 4 received b: 0.120290 0.960970 0.474346 0.724164 
iter 0 row broadcasting from process 5
process 5 calculated c: 1.175238 1.577460 0.941053 1.173498 
process 5 calculated c: 1.939359 2.585309 1.507113 1.998557 
process 5 calculated c: 3.141569 3.661935 2.451552 2.747919 
process 5 received a: 0.905152 0.946395 0.874766 0.532115 
process 5 received b: 0.766102 0.783304 0.509088 0.917641 
iter 0 row broadcasting from process 1
process 1 calculated c: 0.070451 0.263456 0.262920 0.100363 
process 1 calculated c: 0.169031 0.846830 0.520065 0.536325 
process 1 calculated c: 0.289359 1.388166 0.902878 1.089783 
process 1 received a: 0.556878 0.066603 0.055818 0.527950 
process 1 received b: 0.067806 0.456126 0.490832 0.141874 
A:
0.556878 0.066603 0.849398 0.233987 0.660707 0.716196 
0.055818 0.527950 0.241153 0.328799 0.032627 0.667471 
0.145451 0.094305 0.905152 0.946395 0.542152 0.180290 
0.012091 0.053687 0.874766 0.532115 0.256934 0.925178 
0.242994 0.311320 0.845463 0.657555 0.831532 0.918620 
0.209757 0.036705 0.052498 0.426524 0.847265 0.430461 
B:
0.983664 0.377426 0.067806 0.456126 0.733905 0.393680 
0.754476 0.571144 0.490832 0.141874 0.568382 0.761084 
0.866672 0.302347 0.120290 0.960970 0.766102 0.783304 
0.921488 0.568969 0.474346 0.724164 0.509088 0.917641 
0.641375 0.275621 0.131010 0.857555 0.372919 0.706298 
0.978791 0.355208 0.711242 0.957650 0.450735 0.389417 
iter 0 row broadcasting from process 0
process 0 calculated c: 0.598031 0.248220 0.453232 0.322603 
process 0 calculated c: 1.142036 0.454486 0.988108 0.639867 
process 0 calculated c: 1.564394 0.631631 1.540661 0.842784 
process 0 received a: 0.556878 0.066603 0.055818 0.527950 
process 0 received b: 0.983664 0.377426 0.754476 0.571144 
incorrect result
iter 0 row broadcasting from process 6
process 6 calculated c: 1.432461 0.555488 0.964746 0.386427 
process 6 calculated c: 2.943485 1.393994 2.122943 0.952062 
process 6 calculated c: 4.510648 2.168072 3.253908 1.453149 
process 6 received a: 0.831532 0.918620 0.847265 0.430461 
process 6 received b: 0.641375 0.275621 0.978791 0.355208 
expected:
2.674565 1.074668 0.879564 2.501604 1.785602 1.895530 
1.639457 0.828675 0.926900 1.237390 1.006197 1.197373 
2.394976 1.134367 0.813207 2.272471 1.619028 2.159624 
2.371219 1.001913 1.076489 2.345426 1.493267 1.760870 
3.245037 1.454761 1.345192 3.036447 2.061896 2.543292 
1.637305 0.745110 0.658036 1.599013 0.942147 1.309080 

received:
0.000000 0.000000 0.000000 0.000000 0.000000 0.000000 
0.000000 8534083479247118860816869659088650975540894700235110431257932149661585034591929028462674275916662457123465729484742054762175380646820361553365457848700009915403560671628723902085707656126036227178619664358267294446774827935816154686236634008987369376348327175877638434092462387387923290914816.000000 0.241153 0.000000 0.000000 0.000000 
0.000000 0.000000 0.842784 1.540661 0.000000 0.000000 
0.000000 0.000000 1.499204 0.607973 0.000000 0.000000 
0.000000 0.000000 0.000000 8534083479247118860816869659088650975540894700235110431257932149661585034591929028462674275916662457123465729484742054762175380646820361553365457848700009915403560671628723902085707656126036227178619664358267294446774827935816154686236634008987369376348327175877638434092462387387923290914816.000000 0.000000 0.000000 
0.000000 0.000000 0.000000 0.000000 0.000000 0.000000 
